qubits:
  Q1:
    w_idle: 4.102
    eta: -0.215
    id: 0
    w_idle~: 4.579547067203291
    w_max: 4.6
    period: 1.0
    sws: 0.0
    d: 0.25
  C1_2:
    w_idle: 3.12
    eta: -0.25
    id: 1
    w_idle~: 7.255991246622017
    w_max: 7.0
    period: 1.0
    sws: 0.0
    d: 0.25
  Q2:
    w_idle: 3.892
    eta: -0.217
    id: 2
    w_idle~: 4.97605191450738
    w_max: 5.0
    period: 1.0
    sws: 0.0
    d: 0.25
rho_map:
  Q1-C1_2: -0.01736
  Q2-C1_2: 0.01736
  Q1-Q2: 0.002144
