qubits:
  Q1:
    w_idle: 4.444
    eta: -0.2
    id: 0
    w_idle~: 4.419330162826516
    w_max: 4.6
    period: 1.0
    sws: 0.0
    d: 0.25
  C1_2:
    w_idle: 7.259956978692115
    eta: -0.18
    id: 1
    w_idle~: 7.265514851522049
    w_max: 7.0
    period: 1.0
    sws: 0.0
    d: 0.25
  Q2:
    w_idle: 4.85
    eta: -0.2
    id: 2
    w_idle~: 4.8056264239675
    w_max: 5.0
    period: 1.0
    sws: 0.0
    d: 0.25
  C2_3:
    w_idle: 7.300877811611352
    eta: -0.18
    id: 3
    w_idle~: 7.311968898986154
    w_max: 7.0
    period: 1.0
    sws: 0.0
    d: 0.25
  Q3:
    w_idle: 4.483
    eta: -0.2
    id: 4
    w_idle~: 4.458159160838166
    w_max: 4.6
    period: 1.0
    sws: 0.0
    d: 0.25
rho_map:
  Q1-C1_2: 0.031
  Q2-C1_2: 0.031
  Q1-Q2: 0.0034
  Q2-C2_3: 0.031
  Q3-C2_3: 0.031
  Q2-Q3: 0.0034
