qubits:
  Q1:
    w_idle: 4.6
    eta: -0.22
    id: 0
    w_idle~: 4.579630839314196
    w_max: 4.6
    period: 1.0
    sws: 0.0
    d: 0.25
  C1_2:
    w_idle: 7.2709474716522635
    eta: -0.2
    id: 1
    w_idle~: 7.286932242718962
    w_max: 7.0
    period: 1.0
    sws: 0.0
    d: 0.25
  Q2:
    w_idle: 5.0
    eta: -0.22
    id: 2
    w_idle~: 4.976190506417752
    w_max: 5.0
    period: 1.0
    sws: 0.0
    d: 0.25
rho_map:
  Q1-C1_2: 0.031
  Q2-C1_2: 0.031
  Q1-Q2: 0.0034
